# something
0 1 (1.0,0.0)
0 4 (1.0,0.0)
0 3 (1.0,0.0)
0 12 (1.0,0.0)
1 0 (1.0,0.0)
1 2 (1.0,0.0)
1 5 (1.0,0.0)
1 13 (1.0,0.0)
2 1 (1.0,0.0)
2 3 (1.0,0.0)
2 6 (1.0,0.0)
2 14 (1.0,0.0)
3 0 (1.0,0.0)
3 2 (1.0,0.0)
3 7 (1.0,0.0)
3 15 (1.0,0.0)
4 0 (1.0,0.0)
4 8 (1.0,0.0)
4 5 (1.0,0.0)
4 7 (1.0,0.0)
5 1 (1.0,0.0)
5 4 (1.0,0.0)
5 6 (1.0,0.0)
5 9 (1.0,0.0)
6 2 (1.0,0.0)
6 7 (1.0,0.0)
6 5 (1.0,0.0)
6 10 (1.0,0.0)
7 6 (1.0,0.0)
7 3 (1.0,0.0)
7 4 (1.0,0.0)
7 11 (1.0,0.0)
8 9 (1.0,0.0)
8 11 (1.0,0.0)
8 4 (1.0,0.0)
8 12 (1.0,0.0)
9 5 (1.0,0.0)
9 8 (1.0,0.0)
9 10 (1.0,0.0)
9 13 (1.0,0.0)
10 6 (1.0,0.0)
10 11 (1.0,0.0)
10 9 (1.0,0.0)
10 14 (1.0,0.0)
11 7 (1.0,0.0)
11 10 (1.0,0.0)
11 8 (1.0,0.0)
11 15 (1.0,0.0)
12 0 (1.0,0.0)
12 8 (1.0,0.0)
12 13 (1.0,0.0)
12 15 (1.0,0.0)
13 1 (1.0,0.0)
13 9 (1.0,0.0)
13 12 (1.0,0.0)
13 14 (1.0,0.0)
14 2 (1.0,0.0)
14 10 (1.0,0.0)
14 13 (1.0,0.0)
14 15 (1.0,0.0)
15 11 (1.0,0.0)
15 14 (1.0,0.0)
15 3 (1.0,0.0)
15 12 (1.0,0.0)
0 1 (1.0,0.0)
0 4 (1.0,0.0)
0 3 (1.0,0.0)
0 12 (1.0,0.0)
1 0 (1.0,0.0)
1 2 (1.0,0.0)
1 5 (1.0,0.0)
1 13 (1.0,0.0)
2 1 (1.0,0.0)
2 3 (1.0,0.0)
2 6 (1.0,0.0)
2 14 (1.0,0.0)
3 0 (1.0,0.0)
3 2 (1.0,0.0)
3 7 (1.0,0.0)
3 15 (1.0,0.0)
4 0 (1.0,0.0)
4 8 (1.0,0.0)
4 5 (1.0,0.0)
4 7 (1.0,0.0)
5 1 (1.0,0.0)
5 4 (1.0,0.0)
5 6 (1.0,0.0)
5 9 (1.0,0.0)
6 2 (1.0,0.0)
6 7 (1.0,0.0)
6 5 (1.0,0.0)
6 10 (1.0,0.0)
7 6 (1.0,0.0)
7 3 (1.0,0.0)
7 4 (1.0,0.0)
7 11 (1.0,0.0)
8 9 (1.0,0.0)
8 11 (1.0,0.0)
8 4 (1.0,0.0)
8 12 (1.0,0.0)
9 5 (1.0,0.0)
9 8 (1.0,0.0)
9 10 (1.0,0.0)
9 13 (1.0,0.0)
10 6 (1.0,0.0)
10 11 (1.0,0.0)
10 9 (1.0,0.0)
10 14 (1.0,0.0)
11 7 (1.0,0.0)
11 10 (1.0,0.0)
11 8 (1.0,0.0)
11 15 (1.0,0.0)
12 0 (1.0,0.0)
12 8 (1.0,0.0)
12 13 (1.0,0.0)
12 15 (1.0,0.0)
13 1 (1.0,0.0)
13 9 (1.0,0.0)
13 12 (1.0,0.0)
13 14 (1.0,0.0)
14 2 (1.0,0.0)
14 10 (1.0,0.0)
14 13 (1.0,0.0)
14 15 (1.0,0.0)
15 11 (1.0,0.0)
15 14 (1.0,0.0)
15 3 (1.0,0.0)
15 12 (1.0,0.0)
