0              0              0              0            0.5      -0.175383        0.40174       0.240096
1              0              1       0.866025              0       0.138447      -0.402281      -0.262302
2              0              2       0.866025              1       0.211824      -0.397004      -0.217528
3              0              3        1.73205            0.5      -0.176951       0.399255       0.242867
4              1              0        2.73205            0.5       0.180056      -0.394469      -0.248343
5              1              1        3.59808              0      -0.157794       0.380188       0.283475
6              1              2        3.59808              1      -0.204846       0.400317       0.218139
7              1              3         4.4641            0.5       0.184306      -0.387629      -0.255882
8              2              0         5.4641            0.5      -0.189457       0.378864       0.265082
9              2              1        6.33013              0       0.214449      -0.385294      -0.235287
10              2              2        6.33013              1        0.16849      -0.360325      -0.302617
11              2              3        7.19615            0.5      -0.194955       0.368892       0.274976
12              3              0        8.19615            0.5       0.200534      -0.358055      -0.285102
13              3              1        9.06218              0         -0.241       0.347479       0.266415
14              3              2        9.06218              1      -0.163868       0.354972       0.311355
15              3              3         9.9282            0.5        0.20566      -0.347389      -0.294491
16              4              0        10.9282            0.5      -0.210155       0.337412       0.302801
17              4              1        11.7942              0       0.194367      -0.310688      -0.339844
18              4              2        11.7942              1       0.228393      -0.352445      -0.270958
19              4              3        12.6603            0.5      -0.213662       0.329189       0.309328
20              5              0        13.6603            0.5       0.216116      -0.323187      -0.313918
21              5              1        14.5263              0      -0.225853       0.287349       0.340911
22              5              2        14.5263              1       -0.20671       0.352162       0.288188
23              5              3        15.3923            0.5       0.217391      -0.320156      -0.316294
