0  -0.037619  0.240293   -0.138743
1  0.00369919  -0.0613349   0.0354144
2  -0.0376162  0.240292   -0.138745
3  -0.0376168  0.240293   -0.138744
4  0.00369884  -0.0613349   0.0354145
5  -0.0376148  0.240293   -0.138745
6  -0.0376154  0.240293   -0.138744
7  0.00369879  -0.0613349   0.0354144
8  -0.0376158  0.240293   -0.138744
9  -0.0376161  0.240293   -0.138744
10  0.00369899  -0.0613351   0.0354141
11  -0.0376174  0.240294   -0.138742
12  -0.0376174  0.240294   -0.138742
13  0.00369921  -0.0613354   0.0354134
14  -0.0376181  0.240296   -0.138738
15  -0.0376177  0.240296   -0.138738
16  0.00369924  -0.0613359   0.0354126
17  -0.0376182  0.240298   -0.138735
18  -0.0376177  0.240298   -0.138734
19  0.00369931  -0.0613363   0.035412
20  -0.0376186  0.240298   -0.138733
21  -0.0376182  0.240299   -0.138733
22  0.0036994  -0.0613363   0.0354118
23  -0.0376187  0.240298   -0.138734
24  -0.0376184  0.240299   -0.138733
25  0.00369938  -0.0613362   0.0354121
26  -0.037618  0.240298   -0.138734
27  -0.0376181  0.240297   -0.138735
28  0.00369929  -0.0613359   0.0354125
29  -0.0376179  0.240297   -0.138736
30  -0.0376183  0.240296   -0.138738
31  0.00369937  -0.0613356   0.0354132
32  -0.0376188  0.240295   -0.138739
33  -0.0376193  0.240294   -0.138741
34  0.00369943  -0.0613351   0.0354139
35  -0.0376183  0.240293   -0.138743
36  -0.0376172  0.240292   -0.138744
37  0.00369889  -0.0613349   0.0354146
38  -0.0376151  0.240293   -0.138744
39  -0.037615  0.240292   -0.138745
40  0.00369865  -0.0613349   0.0354145
41  -0.037615  0.240293   -0.138743
42  -0.0376148  0.240293   -0.138744
43  0.00369882  -0.0613351   0.0354142
44  -0.0376168  0.240294   -0.138742
45  -0.0376165  0.240294   -0.138742
46  0.00369914  -0.0613353   0.0354137
47  -0.037618  0.240295   -0.138739
48  -0.0376176  0.240295   -0.13874
49  0.00369923  -0.0613357   0.035413
50  -0.0376181  0.240297   -0.138736
51  -0.037618  0.240297   -0.138736
52  0.00369929  -0.061336   0.0354123
53  -0.0376186  0.240298   -0.138734
54  -0.0376188  0.240298   -0.138734
55  0.00369937  -0.0613362   0.035412
56  -0.037619  0.240298   -0.138734
57  -0.0376194  0.240298   -0.138734
58  0.00369934  -0.0613362   0.035412
59  -0.0376178  0.240299   -0.138733
60  -0.0376183  0.240298   -0.138734
61  0.00369914  -0.0613362   0.035412
62  -0.0376168  0.240299   -0.138734
63  -0.0376174  0.240298   -0.138735
64  0.00369911  -0.061336   0.0354124
65  -0.0376171  0.240297   -0.138736
66  -0.037618  0.240296   -0.138737
67  0.00369923  -0.0613356   0.0354132
68  -0.0376176  0.240295   -0.138741
69  -0.0376186  0.240294   -0.138741
70  0.0036992  -0.0613351   0.0354141
71  -0.0376167  0.240293   -0.138744
72  -0.0376156  0.240293   -0.138744
73  0.00369877  -0.0613351   0.0354142
74  -0.0376153  0.240294   -0.138742
75  -0.0376143  0.240293   -0.138743
76  0.00369881  -0.0613352   0.035414
77  -0.0376164  0.240295   -0.138741
78  -0.0376157  0.240294   -0.138742
79  0.00369907  -0.0613353   0.0354137
80  -0.0376177  0.240295   -0.13874
81  -0.0376172  0.240295   -0.13874
82  0.00369925  -0.0613355   0.0354133
83  -0.037618  0.240296   -0.138739
84  -0.0376179  0.240296   -0.138738
85  0.00369929  -0.0613358   0.0354127
86  -0.0376177  0.240297   -0.138736
87  -0.0376179  0.240298   -0.138735
88  0.00369928  -0.0613361   0.0354122
89  -0.0376176  0.240298   -0.138734
90  -0.0376183  0.240298   -0.138734
91  0.00369926  -0.0613363   0.0354119
92  -0.037617  0.240299   -0.138733
93  -0.0376177  0.240299   -0.138733
94  0.00369908  -0.0613365   0.0354118
95  -0.0376162  0.240299   -0.138733
96  -0.0376165  0.240299   -0.138733
97  0.00369896  -0.0613364   0.0354119
98  -0.0376158  0.240299   -0.138734
99  -0.0376164  0.240298   -0.138734
100  0.00369898  -0.0613361   0.0354124
101  -0.0376163  0.240297   -0.138737
102  -0.0376172  0.240296   -0.138738
103  0.00369904  -0.0613355   0.0354133
104  -0.0376166  0.240295   -0.138741
105  -0.037617  0.240294   -0.138742
106  0.00369894  -0.0613351   0.0354141
107  -0.037616  0.240294   -0.138743
108  -0.0376155  0.240294   -0.138742
109  0.00369896  -0.0613353   0.0354138
110  -0.0376171  0.240294   -0.138741
111  -0.0376161  0.240295   -0.138741
112  0.00369911  -0.0613353   0.0354137
113  -0.0376179  0.240294   -0.138741
114  -0.0376173  0.240295   -0.138741
115  0.00369928  -0.0613353   0.0354136
116  -0.0376184  0.240294   -0.138741
117  -0.0376183  0.240295   -0.13874
118  0.00369931  -0.0613355   0.0354134
119  -0.037618  0.240295   -0.138739
120  -0.0376179  0.240296   -0.138738
121  0.00369919  -0.0613358   0.0354128
122  -0.0376171  0.240297   -0.138736
123  -0.0376174  0.240298   -0.138735
124  0.0036991  -0.0613362   0.0354122
125  -0.0376166  0.240299   -0.138734
126  -0.0376169  0.240299   -0.138733
127  0.00369899  -0.0613364   0.0354118
128  -0.0376162  0.240299   -0.138733
129  -0.0376164  0.240299   -0.138733
130  0.00369891  -0.0613365   0.0354118
131  -0.037616  0.240299   -0.138733
132  -0.0376161  0.240299   -0.138733
133  0.00369887  -0.0613363   0.035412
134  -0.0376158  0.240299   -0.138734
135  -0.0376159  0.240298   -0.138735
136  0.00369889  -0.0613361   0.0354125
137  -0.0376159  0.240297   -0.138736
138  -0.037616  0.240296   -0.138738
139  0.00369893  -0.0613357   0.0354132
140  -0.0376162  0.240296   -0.138739
141  -0.0376159  0.240295   -0.138741
142  0.00369893  -0.0613354   0.0354137
143  -0.0376163  0.240294   -0.138741
144  -0.0376171  0.240294   -0.138741
145  0.00369921  -0.0613352   0.0354137
146  -0.0376186  0.240294   -0.138741
147  -0.037618  0.240294   -0.138741
148  0.00369931  -0.0613352   0.0354138
149  -0.0376184  0.240293   -0.138742
150  -0.0376186  0.240294   -0.138742
151  0.00369934  -0.0613352   0.0354138
152  -0.0376181  0.240294   -0.138741
153  -0.0376183  0.240294   -0.138741
154  0.0036992  -0.0613354   0.0354134
155  -0.0376173  0.240295   -0.138739
156  -0.0376175  0.240296   -0.138738
157  0.00369908  -0.0613358   0.0354128
158  -0.0376169  0.240297   -0.138737
159  -0.0376168  0.240298   -0.138735
160  0.00369904  -0.0613362   0.0354122
161  -0.037617  0.240298   -0.138734
162  -0.0376165  0.240299   -0.138733
163  0.00369902  -0.0613364   0.0354119
164  -0.0376168  0.240299   -0.138734
165  -0.0376163  0.240299   -0.138733
166  0.00369898  -0.0613364   0.0354118
167  -0.0376165  0.240299   -0.138733
168  -0.0376159  0.240299   -0.138733
169  0.0036989  -0.0613364   0.0354119
170  -0.0376159  0.240299   -0.138733
171  -0.0376156  0.240298   -0.138734
172  0.00369888  -0.0613362   0.0354123
173  -0.0376162  0.240298   -0.138735
174  -0.037616  0.240297   -0.138737
175  0.00369896  -0.0613357   0.035413
176  -0.037617  0.240295   -0.138739
177  -0.0376166  0.240295   -0.13874
178  0.00369911  -0.0613354   0.0354136
179  -0.0376181  0.240294   -0.138741
180  -0.0376186  0.240294   -0.138741
181  0.00369937  -0.0613352   0.0354138
182  -0.0376182  0.240294   -0.138742
183  -0.0376186  0.240294   -0.138742
184  0.00369932  -0.0613351   0.035414
185  -0.0376174  0.240293   -0.138743
186  -0.037618  0.240294   -0.138742
187  0.00369916  -0.0613352   0.0354139
188  -0.0376166  0.240294   -0.138741
189  -0.0376172  0.240295   -0.138741
190  0.00369906  -0.0613355   0.0354135
191  -0.0376167  0.240295   -0.138739
192  -0.037617  0.240296   -0.138738
193  0.0036991  -0.0613358   0.0354129
194  -0.0376175  0.240297   -0.138737
195  -0.0376172  0.240297   -0.138736
196  0.00369917  -0.0613361   0.0354123
197  -0.037618  0.240298   -0.138735
198  -0.0376172  0.240298   -0.138734
199  0.00369917  -0.0613363   0.0354119
200  -0.0376177  0.240299   -0.138733
201  -0.0376168  0.240299   -0.138733
202  0.00369907  -0.0613365   0.0354117
203  -0.037617  0.2403   -0.138732
204  -0.0376163  0.240299   -0.138732
205  0.00369895  -0.0613365   0.0354117
206  -0.0376164  0.240299   -0.138733
207  -0.0376161  0.240299   -0.138734
208  0.00369896  -0.0613362   0.0354122
209  -0.0376167  0.240297   -0.138736
210  -0.0376167  0.240297   -0.138737
211  0.00369915  -0.0613357   0.035413
212  -0.037618  0.240296   -0.138739
213  -0.0376177  0.240295   -0.13874
214  0.00369929  -0.0613354   0.0354135
215  -0.0376186  0.240294   -0.13874
216  -0.0376186  0.240294   -0.138741
217  0.00369927  -0.0613351   0.0354141
218  -0.0376172  0.240293   -0.138744
219  -0.0376178  0.240293   -0.138743
220  0.0036991  -0.061335   0.0354143
221  -0.0376164  0.240293   -0.138743
222  -0.0376167  0.240294   -0.138743
223  0.00369896  -0.0613352   0.035414
224  -0.0376162  0.240294   -0.138742
225  -0.0376166  0.240295   -0.138741
226  0.00369902  -0.0613354   0.0354135
227  -0.0376173  0.240295   -0.13874
228  -0.0376173  0.240296   -0.138739
229  0.00369922  -0.0613357   0.0354129
230  -0.0376185  0.240297   -0.138737
231  -0.0376181  0.240297   -0.138736
232  0.00369932  -0.0613361   0.0354123
233  -0.0376186  0.240298   -0.138734
234  -0.0376182  0.240298   -0.138734
235  0.00369928  -0.0613364   0.0354118
236  -0.037618  0.240299   -0.138732
237  -0.0376175  0.240299   -0.138732
238  0.00369911  -0.0613365   0.0354116
239  -0.0376168  0.2403   -0.138732
240  -0.0376167  0.240299   -0.138732
241  0.003699  -0.0613365   0.0354117
242  -0.0376164  0.240299   -0.138733
243  -0.0376165  0.240298   -0.138734
244  0.00369907  -0.0613361   0.0354123
245  -0.037617  0.240297   -0.138736
246  -0.0376172  0.240297   -0.138737
247  0.0036992  -0.0613358   0.0354129
248  -0.0376177  0.240296   -0.138739
249  -0.0376183  0.240295   -0.138739
250  0.00369932  -0.0613354   0.0354135
251  -0.037618  0.240294   -0.138742
252  -0.0376177  0.240293   -0.138744
253  0.00369908  -0.0613349   0.0354145
254  -0.0376165  0.240293   -0.138744
255  -0.0376167  0.240293   -0.138744
256  0.00369894  -0.061335   0.0354143
257  -0.0376161  0.240293   -0.138743
258  -0.0376161  0.240294   -0.138743
259  0.00369895  -0.0613352   0.035414
260  -0.0376164  0.240294   -0.138741
261  -0.0376165  0.240295   -0.138741
262  0.00369911  -0.0613355   0.0354134
263  -0.0376176  0.240296   -0.138739
264  -0.0376178  0.240296   -0.138738
265  0.00369929  -0.0613358   0.0354128
266  -0.0376184  0.240297   -0.138736
267  -0.0376187  0.240297   -0.138735
268  0.00369936  -0.0613361   0.0354122
269  -0.0376183  0.240298   -0.138734
270  -0.0376183  0.240299   -0.138733
271  0.00369926  -0.0613364   0.0354117
272  -0.0376175  0.240299   -0.138732
273  -0.0376175  0.240299   -0.138732
274  0.00369908  -0.0613365   0.0354116
275  -0.0376165  0.2403   -0.138732
276  -0.0376167  0.240299   -0.138732
277  0.00369897  -0.0613364   0.0354119
278  -0.037616  0.240299   -0.138734
279  -0.0376165  0.240298   -0.138734
280  0.00369901  -0.0613361   0.0354124
281  -0.0376168  0.240297   -0.138737
282  -0.0376176  0.240297   -0.138737
283  0.00369914  -0.0613356   0.0354132
284  -0.0376173  0.240294   -0.138741
285  -0.0376181  0.240294   -0.138741
286  0.00369917  -0.0613351   0.035414
287  -0.037617  0.240293   -0.138744
288  -0.0376165  0.240292   -0.138744
289  0.00369896  -0.061335   0.0354144
290  -0.0376165  0.240293   -0.138743
291  -0.0376161  0.240293   -0.138744
292  0.00369895  -0.0613351   0.0354142
293  -0.0376167  0.240294   -0.138742
294  -0.0376161  0.240294   -0.138742
295  0.00369903  -0.0613353   0.0354138
296  -0.0376172  0.240295   -0.138741
297  -0.0376171  0.240295   -0.13874
298  0.00369915  -0.0613355   0.0354133
299  -0.0376175  0.240296   -0.138739
300  -0.0376179  0.240296   -0.138738
301  0.00369927  -0.0613358   0.0354127
302  -0.037618  0.240297   -0.138736
303  -0.0376184  0.240298   -0.138735
304  0.00369928  -0.0613362   0.0354122
305  -0.0376179  0.240298   -0.138734
306  -0.037618  0.240299   -0.138733
307  0.00369916  -0.0613364   0.0354118
308  -0.0376168  0.240299   -0.138733
309  -0.037617  0.240299   -0.138732
310  0.00369899  -0.0613364   0.0354118
311  -0.037616  0.240299   -0.138734
312  -0.0376161  0.240299   -0.138733
313  0.00369893  -0.0613362   0.0354122
314  -0.037616  0.240297   -0.138736
315  -0.0376165  0.240298   -0.138736
316  0.00369902  -0.0613358   0.0354128
317  -0.0376165  0.240296   -0.138739
318  -0.037617  0.240295   -0.138739
319  0.00369909  -0.0613354   0.0354136
320  -0.0376166  0.240294   -0.138742
321  -0.0376171  0.240293   -0.138743
322  0.00369904  -0.061335   0.0354142
323  -0.0376165  0.240293   -0.138743
324  -0.0376164  0.240293   -0.138743
325  0.0036991  -0.0613351   0.0354141
326  -0.0376178  0.240293   -0.138743
327  -0.0376168  0.240293   -0.138743
328  0.00369919  -0.0613351   0.035414
329  -0.0376177  0.240293   -0.138742
330  -0.0376171  0.240294   -0.138741
331  0.00369918  -0.0613353   0.0354138
332  -0.037617  0.240294   -0.138741
333  -0.0376172  0.240295   -0.13874
334  0.00369915  -0.0613355   0.0354133
335  -0.0376171  0.240295   -0.138739
336  -0.0376177  0.240296   -0.138738
337  0.0036992  -0.0613358   0.0354129
338  -0.0376175  0.240296   -0.138737
339  -0.0376179  0.240297   -0.138736
340  0.00369922  -0.061336   0.0354124
341  -0.0376174  0.240297   -0.138736
342  -0.0376176  0.240298   -0.138734
343  0.00369914  -0.0613362   0.0354122
344  -0.0376169  0.240298   -0.138735
345  -0.0376168  0.240299   -0.138734
346  0.00369901  -0.0613362   0.0354122
347  -0.0376165  0.240298   -0.138736
348  -0.0376164  0.240298   -0.138735
349  0.00369897  -0.061336   0.0354125
350  -0.0376169  0.240297   -0.138737
351  -0.0376167  0.240296   -0.138738
352  0.00369902  -0.0613357   0.035413
353  -0.0376172  0.240296   -0.138739
354  -0.0376169  0.240295   -0.13874
355  0.00369901  -0.0613354   0.0354136
356  -0.0376168  0.240295   -0.138741
357  -0.0376163  0.240294   -0.138743
358  0.003699  -0.0613352   0.035414
359  -0.0376171  0.240294   -0.138742
360  -0.0376181  0.240293   -0.138742
361  0.00369937  -0.061335   0.0354142
362  -0.0376191  0.240292   -0.138744
363  -0.0376186  0.240293   -0.138743
364  0.00369928  -0.061335   0.0354142
365  -0.0376178  0.240293   -0.138743
366  -0.0376176  0.240293   -0.138742
367  0.00369906  -0.0613351   0.0354139
368  -0.0376164  0.240294   -0.138742
369  -0.0376169  0.240295   -0.138741
370  0.00369902  -0.0613353   0.0354136
371  -0.0376166  0.240294   -0.138741
372  -0.0376174  0.240295   -0.138739
373  0.00369914  -0.0613355   0.0354133
374  -0.0376176  0.240295   -0.13874
375  -0.037618  0.240296   -0.138737
376  0.00369921  -0.0613358   0.0354129
377  -0.0376179  0.240296   -0.138738
378  -0.0376177  0.240297   -0.138736
379  0.00369915  -0.061336   0.0354125
380  -0.0376175  0.240297   -0.138736
381  -0.037617  0.240298   -0.138735
382  0.0036991  -0.0613361   0.0354123
383  -0.0376174  0.240298   -0.138734
384  -0.0376167  0.240298   -0.138736
385  0.00369913  -0.0613361   0.0354124
386  -0.0376176  0.240298   -0.138735
387  -0.0376168  0.240297   -0.138737
388  0.00369915  -0.0613359   0.0354127
389  -0.0376173  0.240297   -0.138737
390  -0.0376167  0.240296   -0.138739
391  0.00369914  -0.0613355   0.0354133
392  -0.0376177  0.240295   -0.13874
393  -0.0376169  0.240294   -0.138741
394  0.00369925  -0.0613352   0.0354138
395  -0.0376188  0.240293   -0.138742
396  -0.0376193  0.240293   -0.138743
397  0.00369946  -0.0613349   0.0354142
398  -0.0376182  0.240293   -0.138743
399  -0.0376184  0.240293   -0.138743
400  0.00369913  -0.061335   0.0354143
401  -0.0376159  0.240293   -0.138744
402  -0.0376165  0.240293   -0.138743
403  0.00369888  -0.061335   0.0354142
404  -0.0376155  0.240293   -0.138744
405  -0.0376163  0.240294   -0.138742
406  0.00369899  -0.0613351   0.035414
407  -0.0376168  0.240293   -0.138743
408  -0.0376173  0.240294   -0.138741
409  0.00369918  -0.0613353   0.0354136
410  -0.0376179  0.240295   -0.13874
411  -0.0376179  0.240295   -0.138739
412  0.00369924  -0.0613357   0.035413
413  -0.0376178  0.240297   -0.138737
414  -0.0376176  0.240297   -0.138737
415  0.00369921  -0.0613361   0.0354123
416  -0.037618  0.240298   -0.138734
417  -0.0376173  0.240298   -0.138734
418  0.00369922  -0.0613363   0.0354119
419  -0.0376182  0.240299   -0.138733
420  -0.0376176  0.240298   -0.138734
421  0.00369925  -0.0613362   0.0354121
422  -0.0376184  0.240298   -0.138735
423  -0.0376178  0.240297   -0.138736
424  0.00369925  -0.0613359   0.0354126
425  -0.0376184  0.240296   -0.138737
426  -0.0376179  0.240296   -0.138738
427  0.0036993  -0.0613355   0.0354132
428  -0.0376188  0.240295   -0.13874
429  -0.0376186  0.240294   -0.138741
430  0.00369946  -0.0613351   0.0354139
431  -0.0376194  0.240293   -0.138742
