0  -0.00715085  0.318842   -0.184092
1  -0.00219808  -0.20652   0.11924
2  -0.00715155  0.318842   -0.184093
3  -0.00715134  0.318842   -0.184093
4  -0.00219784  -0.20652   0.11924
5  -0.00715185  0.318842   -0.184093
6  -0.0071517  0.318842   -0.184093
7  -0.00219779  -0.20652   0.11924
8  -0.00715171  0.318842   -0.184092
9  -0.00715155  0.318842   -0.184092
10  -0.00219794  -0.20652   0.119239
11  -0.00715129  0.318843   -0.184091
12  -0.00715117  0.318843   -0.18409
13  -0.00219807  -0.206521   0.119239
14  -0.00715123  0.318844   -0.184089
15  -0.00715118  0.318844   -0.184089
16  -0.00219807  -0.206521   0.119238
17  -0.0071512  0.318844   -0.184088
18  -0.0071512  0.318844   -0.184088
19  -0.00219812  -0.206522   0.119237
20  -0.00715119  0.318845   -0.184087
21  -0.00715105  0.318845   -0.184088
22  -0.00219815  -0.206522   0.119237
23  -0.00715118  0.318845   -0.184087
24  -0.00715096  0.318845   -0.184088
25  -0.00219817  -0.206522   0.119237
26  -0.00715124  0.318844   -0.184088
27  -0.00715109  0.318844   -0.184088
28  -0.00219812  -0.206521   0.119238
29  -0.00715118  0.318844   -0.184089
30  -0.00715103  0.318843   -0.18409
31  -0.00219819  -0.206521   0.119239
32  -0.0071509  0.318843   -0.184091
33  -0.00715078  0.318843   -0.184091
34  -0.00219824  -0.20652   0.11924
35  -0.00715099  0.318842   -0.184092
36  -0.0071512  0.318842   -0.184092
37  -0.00219789  -0.20652   0.11924
38  -0.0071518  0.318842   -0.184092
39  -0.00715171  0.318842   -0.184093
40  -0.00219772  -0.20652   0.11924
41  -0.00715184  0.318842   -0.184093
42  -0.00715175  0.318842   -0.184093
43  -0.00219782  -0.20652   0.11924
44  -0.0071515  0.318842   -0.184092
45  -0.00715138  0.318842   -0.184092
46  -0.00219803  -0.20652   0.119239
47  -0.00715122  0.318843   -0.184091
48  -0.00715113  0.318843   -0.18409
49  -0.00219808  -0.206521   0.119238
50  -0.00715128  0.318844   -0.184089
51  -0.00715107  0.318844   -0.184089
52  -0.0021981  -0.206521   0.119238
53  -0.00715117  0.318845   -0.184088
54  -0.00715084  0.318845   -0.184088
55  -0.00219815  -0.206522   0.119237
56  -0.00715104  0.318845   -0.184087
57  -0.00715073  0.318845   -0.184087
58  -0.00219813  -0.206522   0.119237
59  -0.00715122  0.318845   -0.184087
60  -0.007151  0.318845   -0.184087
61  -0.00219801  -0.206522   0.119237
62  -0.00715145  0.318845   -0.184088
63  -0.00715125  0.318844   -0.184088
64  -0.002198  -0.206521   0.119238
65  -0.00715136  0.318844   -0.184089
66  -0.00715109  0.318843   -0.18409
67  -0.00219811  -0.206521   0.119239
68  -0.00715123  0.318843   -0.18409
69  -0.00715089  0.318843   -0.184091
70  -0.0021981  -0.20652   0.119239
71  -0.00715143  0.318842   -0.184091
72  -0.00715156  0.318842   -0.184092
73  -0.0021978  -0.20652   0.11924
74  -0.00715173  0.318842   -0.184092
75  -0.00715179  0.318842   -0.184093
76  -0.00219781  -0.20652   0.11924
77  -0.00715155  0.318842   -0.184093
78  -0.00715156  0.318842   -0.184093
79  -0.00219799  -0.20652   0.11924
80  -0.0071513  0.318842   -0.184092
81  -0.00715114  0.318842   -0.184091
82  -0.00219809  -0.206521   0.119239
83  -0.00715125  0.318843   -0.18409
84  -0.00715106  0.318843   -0.18409
85  -0.00219807  -0.206521   0.119238
86  -0.00715134  0.318844   -0.184089
87  -0.0071511  0.318844   -0.184088
88  -0.00219807  -0.206522   0.119237
89  -0.00715131  0.318845   -0.184087
90  -0.00715102  0.318845   -0.184087
91  -0.00219806  -0.206522   0.119237
92  -0.00715141  0.318845   -0.184087
93  -0.00715122  0.318845   -0.184086
94  -0.00219796  -0.206522   0.119236
95  -0.00715164  0.318845   -0.184087
96  -0.00715146  0.318845   -0.184087
97  -0.00219788  -0.206522   0.119237
98  -0.00715172  0.318845   -0.184087
99  -0.00715142  0.318844   -0.184088
100  -0.00219793  -0.206521   0.119238
101  -0.00715147  0.318844   -0.184089
102  -0.00715112  0.318844   -0.184089
103  -0.002198  -0.206521   0.119238
104  -0.00715141  0.318843   -0.18409
105  -0.00715118  0.318843   -0.18409
106  -0.00219792  -0.20652   0.119239
107  -0.00715157  0.318842   -0.184091
108  -0.00715152  0.318842   -0.184092
109  -0.00219792  -0.20652   0.11924
110  -0.00715135  0.318842   -0.184092
111  -0.00715143  0.318842   -0.184093
112  -0.00219802  -0.20652   0.11924
113  -0.00715117  0.318842   -0.184092
114  -0.00715111  0.318842   -0.184092
115  -0.00219812  -0.20652   0.11924
116  -0.00715105  0.318843   -0.184091
117  -0.00715094  0.318843   -0.184091
118  -0.00219813  -0.206521   0.119239
119  -0.00715116  0.318843   -0.18409
120  -0.00715111  0.318844   -0.184089
121  -0.00219803  -0.206521   0.119238
122  -0.0071514  0.318844   -0.184088
123  -0.00715127  0.318844   -0.184088
124  -0.00219796  -0.206522   0.119237
125  -0.00715151  0.318845   -0.184087
126  -0.00715136  0.318845   -0.184087
127  -0.00219791  -0.206522   0.119237
128  -0.00715151  0.318845   -0.184086
129  -0.00715145  0.318845   -0.184086
130  -0.00219786  -0.206522   0.119236
131  -0.00715161  0.318845   -0.184086
132  -0.00715154  0.318845   -0.184087
133  -0.00219785  -0.206522   0.119237
134  -0.00715159  0.318845   -0.184087
135  -0.0071515  0.318845   -0.184088
136  -0.00219788  -0.206522   0.119237
137  -0.00715153  0.318844   -0.184088
138  -0.00715141  0.318844   -0.184089
139  -0.00219792  -0.206521   0.119238
140  -0.00715153  0.318843   -0.18409
141  -0.00715142  0.318843   -0.18409
142  -0.00219792  -0.206521   0.119239
143  -0.00715145  0.318843   -0.184091
144  -0.00715117  0.318842   -0.184091
145  -0.00219812  -0.20652   0.11924
146  -0.00715093  0.318842   -0.184092
147  -0.00715101  0.318842   -0.184092
148  -0.00219815  -0.20652   0.11924
149  -0.00715097  0.318842   -0.184092
150  -0.00715096  0.318842   -0.184092
151  -0.00219814  -0.20652   0.119239
152  -0.00715109  0.318843   -0.184091
153  -0.00715103  0.318843   -0.18409
154  -0.00219804  -0.206521   0.119239
155  -0.00715123  0.318843   -0.18409
156  -0.00715126  0.318844   -0.184089
157  -0.00219795  -0.206521   0.119238
158  -0.00715138  0.318844   -0.184088
159  -0.00715144  0.318844   -0.184088
160  -0.00219795  -0.206522   0.119237
161  -0.00715136  0.318845   -0.184087
162  -0.00715144  0.318845   -0.184087
163  -0.00219795  -0.206522   0.119236
164  -0.00715145  0.318846   -0.184086
165  -0.00715143  0.318845   -0.184086
166  -0.00219792  -0.206522   0.119236
167  -0.00715141  0.318845   -0.184086
168  -0.00715152  0.318845   -0.184086
169  -0.00219789  -0.206522   0.119237
170  -0.00715154  0.318845   -0.184087
171  -0.00715155  0.318845   -0.184088
172  -0.00219791  -0.206522   0.119237
173  -0.00715145  0.318844   -0.184088
174  -0.00715141  0.318844   -0.184089
175  -0.00219794  -0.206521   0.119238
176  -0.00715127  0.318844   -0.184089
177  -0.00715128  0.318843   -0.18409
178  -0.00219804  -0.206521   0.119239
179  -0.00715101  0.318843   -0.184091
180  -0.00715098  0.318842   -0.184091
181  -0.00219817  -0.20652   0.11924
182  -0.00715095  0.318842   -0.184092
183  -0.00715102  0.318842   -0.184092
184  -0.00219813  -0.20652   0.11924
185  -0.0071512  0.318842   -0.184092
186  -0.00715117  0.318842   -0.184092
187  -0.00219802  -0.20652   0.11924
188  -0.00715143  0.318842   -0.184091
189  -0.00715141  0.318843   -0.184091
190  -0.00219794  -0.206521   0.119239
191  -0.00715144  0.318843   -0.18409
192  -0.00715135  0.318844   -0.184089
193  -0.002198  -0.206521   0.119238
194  -0.00715122  0.318844   -0.184088
195  -0.00715128  0.318844   -0.184088
196  -0.00219804  -0.206522   0.119237
197  -0.00715109  0.318845   -0.184087
198  -0.00715116  0.318845   -0.184087
199  -0.00219807  -0.206522   0.119236
200  -0.00715114  0.318845   -0.184086
201  -0.00715137  0.318846   -0.184086
202  -0.00219801  -0.206522   0.119236
203  -0.00715128  0.318845   -0.184086
204  -0.00715137  0.318845   -0.184086
205  -0.00219795  -0.206522   0.119237
206  -0.0071514  0.318845   -0.184087
207  -0.00715146  0.318845   -0.184087
208  -0.00219793  -0.206522   0.119237
209  -0.00715132  0.318844   -0.184088
210  -0.00715134  0.318844   -0.184089
211  -0.00219806  -0.206521   0.119238
212  -0.00715094  0.318843   -0.18409
213  -0.00715116  0.318843   -0.18409
214  -0.00219816  -0.206521   0.119239
215  -0.00715082  0.318842   -0.184091
216  -0.00715102  0.318842   -0.184092
217  -0.00219811  -0.20652   0.11924
218  -0.00715128  0.318842   -0.184092
219  -0.00715125  0.318842   -0.184092
220  -0.00219798  -0.20652   0.11924
221  -0.00715146  0.318842   -0.184092
222  -0.00715151  0.318842   -0.184092
223  -0.00219786  -0.20652   0.11924
224  -0.0071516  0.318842   -0.184091
225  -0.00715151  0.318843   -0.184091
226  -0.00219792  -0.206521   0.119239
227  -0.00715123  0.318843   -0.18409
228  -0.00715125  0.318844   -0.184089
229  -0.00219807  -0.206521   0.119238
230  -0.00715097  0.318844   -0.184088
231  -0.00715107  0.318845   -0.184088
232  -0.00219816  -0.206522   0.119237
233  -0.00715092  0.318845   -0.184087
234  -0.00715107  0.318845   -0.184086
235  -0.00219813  -0.206522   0.119236
236  -0.00715101  0.318845   -0.184086
237  -0.00715117  0.318845   -0.184086
238  -0.00219804  -0.206522   0.119236
239  -0.00715124  0.318845   -0.184086
240  -0.00715139  0.318845   -0.184086
241  -0.00219796  -0.206522   0.119237
242  -0.00715132  0.318845   -0.184087
243  -0.00715143  0.318845   -0.184087
244  -0.00219799  -0.206522   0.119237
245  -0.00715114  0.318844   -0.184089
246  -0.00715129  0.318844   -0.184089
247  -0.00219809  -0.206521   0.119238
248  -0.00715102  0.318843   -0.18409
249  -0.00715107  0.318843   -0.184091
250  -0.00219816  -0.20652   0.119239
251  -0.00715103  0.318842   -0.184092
252  -0.00715125  0.318842   -0.184092
253  -0.00219797  -0.20652   0.11924
254  -0.00715144  0.318842   -0.184092
255  -0.00715151  0.318842   -0.184092
256  -0.00219786  -0.20652   0.11924
257  -0.00715159  0.318842   -0.184092
258  -0.00715163  0.318842   -0.184092
259  -0.00219786  -0.20652   0.11924
260  -0.00715145  0.318842   -0.184091
261  -0.00715151  0.318843   -0.184091
262  -0.00219801  -0.206521   0.119239
263  -0.00715119  0.318843   -0.18409
264  -0.00715114  0.318844   -0.184089
265  -0.00219815  -0.206521   0.119238
266  -0.00715093  0.318844   -0.184089
267  -0.007151  0.318844   -0.184088
268  -0.00219817  -0.206522   0.119237
269  -0.00715089  0.318845   -0.184087
270  -0.00715104  0.318845   -0.184087
271  -0.00219813  -0.206522   0.119237
272  -0.00715106  0.318845   -0.184087
273  -0.00715125  0.318845   -0.184086
274  -0.002198  -0.206522   0.119236
275  -0.00715134  0.318845   -0.184087
276  -0.00715152  0.318845   -0.184087
277  -0.00219791  -0.206522   0.119237
278  -0.00715144  0.318844   -0.184088
279  -0.00715157  0.318844   -0.184088
280  -0.00219796  -0.206521   0.119238
281  -0.00715131  0.318844   -0.184089
282  -0.00715132  0.318844   -0.184089
283  -0.00219805  -0.206521   0.119239
284  -0.00715112  0.318843   -0.18409
285  -0.00715112  0.318843   -0.184091
286  -0.00219806  -0.20652   0.119239
287  -0.00715127  0.318842   -0.184092
288  -0.00715149  0.318842   -0.184092
289  -0.00219788  -0.20652   0.11924
290  -0.00715147  0.318842   -0.184093
291  -0.00715161  0.318842   -0.184093
292  -0.00219789  -0.20652   0.11924
293  -0.00715147  0.318842   -0.184093
294  -0.00715163  0.318842   -0.184092
295  -0.00219792  -0.20652   0.11924
296  -0.00715135  0.318842   -0.184092
297  -0.0071514  0.318843   -0.184091
298  -0.00219803  -0.206521   0.119239
299  -0.00715117  0.318843   -0.18409
300  -0.00715119  0.318843   -0.18409
301  -0.00219811  -0.206521   0.119238
302  -0.007151  0.318844   -0.184089
303  -0.00715109  0.318844   -0.184088
304  -0.00219816  -0.206522   0.119237
305  -0.00715097  0.318844   -0.184088
306  -0.0071512  0.318845   -0.184087
307  -0.00219806  -0.206522   0.119237
308  -0.00715123  0.318845   -0.184087
309  -0.00715145  0.318845   -0.184087
310  -0.00219791  -0.206522   0.119237
311  -0.0071515  0.318845   -0.184087
312  -0.0071517  0.318845   -0.184087
313  -0.00219786  -0.206522   0.119237
314  -0.00715151  0.318844   -0.184088
315  -0.00715158  0.318844   -0.184088
316  -0.00219794  -0.206521   0.119238
317  -0.00715139  0.318844   -0.184089
318  -0.00715139  0.318843   -0.18409
319  -0.00219798  -0.206521   0.119239
320  -0.00715141  0.318843   -0.184091
321  -0.00715136  0.318843   -0.184091
322  -0.00219794  -0.20652   0.11924
323  -0.00715143  0.318842   -0.184092
324  -0.0071515  0.318842   -0.184092
325  -0.00219798  -0.20652   0.11924
326  -0.00715117  0.318842   -0.184093
327  -0.00715138  0.318842   -0.184093
328  -0.00219803  -0.20652   0.11924
329  -0.0071512  0.318842   -0.184093
330  -0.00715139  0.318842   -0.184092
331  -0.00219803  -0.20652   0.11924
332  -0.00715128  0.318842   -0.184092
333  -0.00715136  0.318842   -0.184091
334  -0.00219802  -0.20652   0.119239
335  -0.00715122  0.318843   -0.184091
336  -0.00715135  0.318843   -0.18409
337  -0.00219806  -0.206521   0.119238
338  -0.00715109  0.318844   -0.184089
339  -0.00715123  0.318844   -0.184089
340  -0.00219807  -0.206521   0.119238
341  -0.00715113  0.318844   -0.184088
342  -0.00715131  0.318845   -0.184088
343  -0.00219801  -0.206522   0.119237
344  -0.00715132  0.318845   -0.184088
345  -0.00715157  0.318845   -0.184087
346  -0.0021979  -0.206522   0.119237
347  -0.00715145  0.318845   -0.184087
348  -0.00715159  0.318845   -0.184088
349  -0.0021979  -0.206522   0.119237
350  -0.00715134  0.318844   -0.184088
351  -0.00715153  0.318844   -0.184088
352  -0.00219791  -0.206521   0.119238
353  -0.00715137  0.318843   -0.184089
354  -0.00715143  0.318843   -0.18409
355  -0.00219791  -0.206521   0.119239
356  -0.00715149  0.318843   -0.184091
357  -0.00715157  0.318843   -0.184091
358  -0.00219791  -0.20652   0.11924
359  -0.0071514  0.318842   -0.184092
360  -0.00715111  0.318842   -0.184092
361  -0.00219818  -0.20652   0.11924
362  -0.00715084  0.318842   -0.184092
363  -0.00715104  0.318842   -0.184093
364  -0.00219812  -0.20652   0.11924
365  -0.00715115  0.318842   -0.184093
366  -0.0071513  0.318842   -0.184092
367  -0.00219798  -0.20652   0.11924
368  -0.00715142  0.318842   -0.184092
369  -0.00715151  0.318842   -0.184092
370  -0.00219794  -0.20652   0.119239
371  -0.00715137  0.318843   -0.184091
372  -0.00715135  0.318843   -0.18409
373  -0.00219804  -0.206521   0.119239
374  -0.00715115  0.318844   -0.184089
375  -0.00715117  0.318844   -0.184089
376  -0.0021981  -0.206521   0.119238
377  -0.00715112  0.318844   -0.184088
378  -0.00715126  0.318844   -0.184088
379  -0.00219802  -0.206522   0.119237
380  -0.00715126  0.318845   -0.184088
381  -0.00715142  0.318845   -0.184088
382  -0.00219799  -0.206522   0.119237
383  -0.00715129  0.318844   -0.184088
384  -0.00715152  0.318844   -0.184088
385  -0.002198  -0.206521   0.119237
386  -0.00715133  0.318844   -0.184089
387  -0.00715141  0.318844   -0.184089
388  -0.00219801  -0.206521   0.119238
389  -0.00715138  0.318843   -0.18409
390  -0.0071515  0.318843   -0.18409
391  -0.00219798  -0.206521   0.119239
392  -0.00715134  0.318843   -0.184091
393  -0.00715139  0.318842   -0.184091
394  -0.00219807  -0.20652   0.11924
395  -0.00715094  0.318842   -0.184092
396  -0.0071508  0.318842   -0.184092
397  -0.00219827  -0.20652   0.11924
398  -0.00715104  0.318842   -0.184093
399  -0.00715107  0.318842   -0.184093
400  -0.00219804  -0.20652   0.11924
401  -0.00715156  0.318841   -0.184093
402  -0.00715154  0.318842   -0.184093
403  -0.00219784  -0.20652   0.11924
404  -0.00715169  0.318842   -0.184092
405  -0.00715154  0.318842   -0.184092
406  -0.00219793  -0.20652   0.119239
407  -0.00715133  0.318843   -0.184091
408  -0.00715123  0.318843   -0.18409
409  -0.00219809  -0.206521   0.119239
410  -0.00715113  0.318844   -0.184089
411  -0.00715111  0.318844   -0.184089
412  -0.00219808  -0.206521   0.119238
413  -0.0071513  0.318844   -0.184088
414  -0.00715127  0.318844   -0.184088
415  -0.00219802  -0.206522   0.119237
416  -0.00715125  0.318845   -0.184088
417  -0.00715126  0.318845   -0.184088
418  -0.00219805  -0.206522   0.119237
419  -0.00715121  0.318845   -0.184088
420  -0.00715121  0.318844   -0.184088
421  -0.00219806  -0.206521   0.119237
422  -0.0071512  0.318844   -0.184088
423  -0.00715112  0.318844   -0.184089
424  -0.00219805  -0.206521   0.119238
425  -0.00715115  0.318844   -0.184089
426  -0.00715114  0.318843   -0.18409
427  -0.00219812  -0.206521   0.119239
428  -0.00715095  0.318843   -0.184091
429  -0.00715101  0.318843   -0.184091
430  -0.00219826  -0.20652   0.11924
431  -0.00715074  0.318842   -0.184092
