#alpha_i alpha_j OParams_[alpha_i][alpha_j]
0              0               (0.436515,0)
0            432               (0.240293,0.138743)
432            432               (0.511753,0)
1              1               (0.555432,0)
1            433               (-0.0613349,-0.0354144)
433            433               (0.548033,0)
2              2               (0.436518,0)
2            434               (0.240292,0.138745)
434            434               (0.51175,0)
3              3               (0.436517,0)
3            435               (0.240293,0.138744)
435            435               (0.511751,0)
4              4               (0.555431,0)
4            436               (-0.0613349,-0.0354145)
436            436               (0.548034,0)
5              5               (0.436519,0)
5            437               (0.240293,0.138745)
437            437               (0.511749,0)
6              6               (0.436518,0)
6            438               (0.240293,0.138744)
438            438               (0.511749,0)
7              7               (0.555431,0)
7            439               (-0.0613349,-0.0354144)
439            439               (0.548034,0)
8              8               (0.436518,0)
8            440               (0.240293,0.138744)
440            440               (0.511749,0)
9              9               (0.436518,0)
9            441               (0.240293,0.138744)
441            441               (0.51175,0)
10             10               (0.555432,0)
10            442               (-0.0613351,-0.0354141)
442            442               (0.548034,0)
11             11               (0.436516,0)
11            443               (0.240294,0.138742)
443            443               (0.511751,0)
12             12               (0.436516,0)
12            444               (0.240294,0.138742)
444            444               (0.511751,0)
13             13               (0.555432,0)
13            445               (-0.0613354,-0.0354134)
445            445               (0.548033,0)
14             14               (0.436516,0)
14            446               (0.240296,0.138738)
446            446               (0.511752,0)
15             15               (0.436516,0)
15            447               (0.240296,0.138738)
447            447               (0.511751,0)
16             16               (0.555432,0)
16            448               (-0.0613359,-0.0354126)
448            448               (0.548033,0)
17             17               (0.436515,0)
17            449               (0.240298,0.138735)
449            449               (0.511752,0)
18             18               (0.436516,0)
18            450               (0.240298,0.138734)
450            450               (0.511751,0)
19             19               (0.555432,0)
19            451               (-0.0613363,-0.035412)
451            451               (0.548033,0)
20             20               (0.436515,0)
20            452               (0.240298,0.138733)
452            452               (0.511752,0)
21             21               (0.436516,0)
21            453               (0.240299,0.138733)
453            453               (0.511752,0)
22             22               (0.555432,0)
22            454               (-0.0613363,-0.0354118)
454            454               (0.548033,0)
23             23               (0.436515,0)
23            455               (0.240298,0.138734)
455            455               (0.511752,0)
24             24               (0.436515,0)
24            456               (0.240299,0.138733)
456            456               (0.511752,0)
25             25               (0.555432,0)
25            457               (-0.0613362,-0.0354121)
457            457               (0.548033,0)
26             26               (0.436516,0)
26            458               (0.240298,0.138734)
458            458               (0.511752,0)
27             27               (0.436516,0)
27            459               (0.240297,0.138735)
459            459               (0.511752,0)
28             28               (0.555432,0)
28            460               (-0.0613359,-0.0354125)
460            460               (0.548033,0)
29             29               (0.436516,0)
29            461               (0.240297,0.138736)
461            461               (0.511752,0)
30             30               (0.436515,0)
30            462               (0.240296,0.138738)
462            462               (0.511752,0)
31             31               (0.555432,0)
31            463               (-0.0613356,-0.0354132)
463            463               (0.548033,0)
32             32               (0.436515,0)
32            464               (0.240295,0.138739)
464            464               (0.511753,0)
33             33               (0.436514,0)
33            465               (0.240294,0.138741)
465            465               (0.511753,0)
34             34               (0.555432,0)
34            466               (-0.0613351,-0.0354139)
466            466               (0.548033,0)
35             35               (0.436515,0)
35            467               (0.240293,0.138743)
467            467               (0.511752,0)
36             36               (0.436517,0)
36            468               (0.240292,0.138744)
468            468               (0.511751,0)
37             37               (0.555431,0)
37            469               (-0.0613349,-0.0354146)
469            469               (0.548034,0)
38             38               (0.436519,0)
38            470               (0.240293,0.138744)
470            470               (0.511749,0)
39             39               (0.436519,0)
39            471               (0.240292,0.138745)
471            471               (0.511749,0)
40             40               (0.555431,0)
40            472               (-0.0613349,-0.0354145)
472            472               (0.548034,0)
41             41               (0.436519,0)
41            473               (0.240293,0.138743)
473            473               (0.511749,0)
42             42               (0.436519,0)
42            474               (0.240293,0.138744)
474            474               (0.511749,0)
43             43               (0.555431,0)
43            475               (-0.0613351,-0.0354142)
475            475               (0.548034,0)
44             44               (0.436517,0)
44            476               (0.240294,0.138742)
476            476               (0.51175,0)
45             45               (0.436517,0)
45            477               (0.240294,0.138742)
477            477               (0.51175,0)
46             46               (0.555432,0)
46            478               (-0.0613353,-0.0354137)
478            478               (0.548033,0)
47             47               (0.436516,0)
47            479               (0.240295,0.138739)
479            479               (0.511752,0)
48             48               (0.436516,0)
48            480               (0.240295,0.13874)
480            480               (0.511751,0)
49             49               (0.555432,0)
49            481               (-0.0613357,-0.035413)
481            481               (0.548033,0)
50             50               (0.436516,0)
50            482               (0.240297,0.138736)
482            482               (0.511752,0)
51             51               (0.436516,0)
51            483               (0.240297,0.138736)
483            483               (0.511752,0)
52             52               (0.555432,0)
52            484               (-0.061336,-0.0354123)
484            484               (0.548033,0)
53             53               (0.436515,0)
53            485               (0.240298,0.138734)
485            485               (0.511752,0)
54             54               (0.436515,0)
54            486               (0.240298,0.138734)
486            486               (0.511753,0)
55             55               (0.555432,0)
55            487               (-0.0613362,-0.035412)
487            487               (0.548033,0)
56             56               (0.436515,0)
56            488               (0.240298,0.138734)
488            488               (0.511753,0)
57             57               (0.436514,0)
57            489               (0.240298,0.138734)
489            489               (0.511753,0)
58             58               (0.555432,0)
58            490               (-0.0613362,-0.035412)
490            490               (0.548033,0)
59             59               (0.436516,0)
59            491               (0.240299,0.138733)
491            491               (0.511752,0)
60             60               (0.436515,0)
60            492               (0.240298,0.138734)
492            492               (0.511752,0)
61             61               (0.555432,0)
61            493               (-0.0613362,-0.035412)
493            493               (0.548033,0)
62             62               (0.436517,0)
62            494               (0.240299,0.138734)
494            494               (0.511751,0)
63             63               (0.436516,0)
63            495               (0.240298,0.138735)
495            495               (0.511751,0)
64             64               (0.555432,0)
64            496               (-0.061336,-0.0354124)
496            496               (0.548033,0)
65             65               (0.436517,0)
65            497               (0.240297,0.138736)
497            497               (0.511751,0)
66             66               (0.436516,0)
66            498               (0.240296,0.138737)
498            498               (0.511752,0)
67             67               (0.555432,0)
67            499               (-0.0613356,-0.0354132)
499            499               (0.548033,0)
68             68               (0.436516,0)
68            500               (0.240295,0.138741)
500            500               (0.511751,0)
69             69               (0.436515,0)
69            501               (0.240294,0.138741)
501            501               (0.511752,0)
70             70               (0.555432,0)
70            502               (-0.0613351,-0.0354141)
502            502               (0.548033,0)
71             71               (0.436517,0)
71            503               (0.240293,0.138744)
503            503               (0.51175,0)
72             72               (0.436518,0)
72            504               (0.240293,0.138744)
504            504               (0.511749,0)
73             73               (0.555431,0)
73            505               (-0.0613351,-0.0354142)
505            505               (0.548034,0)
74             74               (0.436518,0)
74            506               (0.240294,0.138742)
506            506               (0.511749,0)
75             75               (0.436519,0)
75            507               (0.240293,0.138743)
507            507               (0.511748,0)
76             76               (0.555431,0)
76            508               (-0.0613352,-0.035414)
508            508               (0.548034,0)
77             77               (0.436517,0)
77            509               (0.240295,0.138741)
509            509               (0.51175,0)
78             78               (0.436518,0)
78            510               (0.240294,0.138742)
510            510               (0.511749,0)
79             79               (0.555432,0)
79            511               (-0.0613353,-0.0354137)
511            511               (0.548033,0)
80             80               (0.436516,0)
80            512               (0.240295,0.13874)
512            512               (0.511751,0)
81             81               (0.436516,0)
81            513               (0.240295,0.13874)
513            513               (0.511751,0)
82             82               (0.555432,0)
82            514               (-0.0613355,-0.0354133)
514            514               (0.548033,0)
83             83               (0.436516,0)
83            515               (0.240296,0.138739)
515            515               (0.511752,0)
84             84               (0.436516,0)
84            516               (0.240296,0.138738)
516            516               (0.511752,0)
85             85               (0.555432,0)
85            517               (-0.0613358,-0.0354127)
517            517               (0.548033,0)
86             86               (0.436516,0)
86            518               (0.240297,0.138736)
518            518               (0.511751,0)
87             87               (0.436516,0)
87            519               (0.240298,0.138735)
519            519               (0.511752,0)
88             88               (0.555432,0)
88            520               (-0.0613361,-0.0354122)
520            520               (0.548033,0)
89             89               (0.436516,0)
89            521               (0.240298,0.138734)
521            521               (0.511751,0)
90             90               (0.436515,0)
90            522               (0.240298,0.138734)
522            522               (0.511752,0)
91             91               (0.555432,0)
91            523               (-0.0613363,-0.0354119)
523            523               (0.548033,0)
92             92               (0.436517,0)
92            524               (0.240299,0.138733)
524            524               (0.511751,0)
93             93               (0.436516,0)
93            525               (0.240299,0.138733)
525            525               (0.511751,0)
94             94               (0.555432,0)
94            526               (-0.0613365,-0.0354118)
526            526               (0.548033,0)
95             95               (0.436518,0)
95            527               (0.240299,0.138733)
527            527               (0.51175,0)
96             96               (0.436517,0)
96            528               (0.240299,0.138733)
528            528               (0.51175,0)
97             97               (0.555432,0)
97            529               (-0.0613364,-0.0354119)
529            529               (0.548034,0)
98             98               (0.436518,0)
98            530               (0.240299,0.138734)
530            530               (0.511749,0)
99             99               (0.436517,0)
99            531               (0.240298,0.138734)
531            531               (0.51175,0)
100            100               (0.555432,0)
100            532               (-0.0613361,-0.0354124)
532            532               (0.548034,0)
101            101               (0.436517,0)
101            533               (0.240297,0.138737)
533            533               (0.51175,0)
102            102               (0.436516,0)
102            534               (0.240296,0.138738)
534            534               (0.511751,0)
103            103               (0.555432,0)
103            535               (-0.0613355,-0.0354133)
535            535               (0.548034,0)
104            104               (0.436517,0)
104            536               (0.240295,0.138741)
536            536               (0.51175,0)
105            105               (0.436517,0)
105            537               (0.240294,0.138742)
537            537               (0.511751,0)
106            106               (0.555432,0)
106            538               (-0.0613351,-0.0354141)
538            538               (0.548034,0)
107            107               (0.436518,0)
107            539               (0.240294,0.138743)
539            539               (0.51175,0)
108            108               (0.436518,0)
108            540               (0.240294,0.138742)
540            540               (0.511749,0)
109            109               (0.555432,0)
109            541               (-0.0613353,-0.0354138)
541            541               (0.548034,0)
110            110               (0.436517,0)
110            542               (0.240294,0.138741)
542            542               (0.511751,0)
111            111               (0.436518,0)
111            543               (0.240295,0.138741)
543            543               (0.51175,0)
112            112               (0.555432,0)
112            544               (-0.0613353,-0.0354137)
544            544               (0.548033,0)
113            113               (0.436516,0)
113            545               (0.240294,0.138741)
545            545               (0.511752,0)
114            114               (0.436516,0)
114            546               (0.240295,0.138741)
546            546               (0.511751,0)
115            115               (0.555432,0)
115            547               (-0.0613353,-0.0354136)
547            547               (0.548033,0)
116            116               (0.436515,0)
116            548               (0.240294,0.138741)
548            548               (0.511752,0)
117            117               (0.436515,0)
117            549               (0.240295,0.13874)
549            549               (0.511752,0)
118            118               (0.555432,0)
118            550               (-0.0613355,-0.0354134)
550            550               (0.548033,0)
119            119               (0.436516,0)
119            551               (0.240295,0.138739)
551            551               (0.511752,0)
120            120               (0.436516,0)
120            552               (0.240296,0.138738)
552            552               (0.511752,0)
121            121               (0.555432,0)
121            553               (-0.0613358,-0.0354128)
553            553               (0.548033,0)
122            122               (0.436517,0)
122            554               (0.240297,0.138736)
554            554               (0.511751,0)
123            123               (0.436516,0)
123            555               (0.240298,0.138735)
555            555               (0.511751,0)
124            124               (0.555432,0)
124            556               (-0.0613362,-0.0354122)
556            556               (0.548033,0)
125            125               (0.436517,0)
125            557               (0.240299,0.138734)
557            557               (0.51175,0)
126            126               (0.436517,0)
126            558               (0.240299,0.138733)
558            558               (0.511751,0)
127            127               (0.555432,0)
127            559               (-0.0613364,-0.0354118)
559            559               (0.548034,0)
128            128               (0.436517,0)
128            560               (0.240299,0.138733)
560            560               (0.51175,0)
129            129               (0.436517,0)
129            561               (0.240299,0.138733)
561            561               (0.51175,0)
130            130               (0.555431,0)
130            562               (-0.0613365,-0.0354118)
562            562               (0.548034,0)
131            131               (0.436518,0)
131            563               (0.240299,0.138733)
563            563               (0.51175,0)
132            132               (0.436518,0)
132            564               (0.240299,0.138733)
564            564               (0.51175,0)
133            133               (0.555431,0)
133            565               (-0.0613363,-0.035412)
565            565               (0.548034,0)
134            134               (0.436518,0)
134            566               (0.240299,0.138734)
566            566               (0.51175,0)
135            135               (0.436518,0)
135            567               (0.240298,0.138735)
567            567               (0.51175,0)
136            136               (0.555431,0)
136            568               (-0.0613361,-0.0354125)
568            568               (0.548034,0)
137            137               (0.436518,0)
137            569               (0.240297,0.138736)
569            569               (0.51175,0)
138            138               (0.436518,0)
138            570               (0.240296,0.138738)
570            570               (0.51175,0)
139            139               (0.555431,0)
139            571               (-0.0613357,-0.0354132)
571            571               (0.548034,0)
140            140               (0.436518,0)
140            572               (0.240296,0.138739)
572            572               (0.51175,0)
141            141               (0.436518,0)
141            573               (0.240295,0.138741)
573            573               (0.51175,0)
142            142               (0.555431,0)
142            574               (-0.0613354,-0.0354137)
574            574               (0.548034,0)
143            143               (0.436517,0)
143            575               (0.240294,0.138741)
575            575               (0.51175,0)
144            144               (0.436517,0)
144            576               (0.240294,0.138741)
576            576               (0.511751,0)
145            145               (0.555432,0)
145            577               (-0.0613352,-0.0354137)
577            577               (0.548033,0)
146            146               (0.436515,0)
146            578               (0.240294,0.138741)
578            578               (0.511752,0)
147            147               (0.436516,0)
147            579               (0.240294,0.138741)
579            579               (0.511752,0)
148            148               (0.555432,0)
148            580               (-0.0613352,-0.0354138)
580            580               (0.548033,0)
149            149               (0.436515,0)
149            581               (0.240293,0.138742)
581            581               (0.511752,0)
150            150               (0.436515,0)
150            582               (0.240294,0.138742)
582            582               (0.511752,0)
151            151               (0.555432,0)
151            583               (-0.0613352,-0.0354138)
583            583               (0.548033,0)
152            152               (0.436516,0)
152            584               (0.240294,0.138741)
584            584               (0.511752,0)
153            153               (0.436515,0)
153            585               (0.240294,0.138741)
585            585               (0.511752,0)
154            154               (0.555432,0)
154            586               (-0.0613354,-0.0354134)
586            586               (0.548033,0)
155            155               (0.436516,0)
155            587               (0.240295,0.138739)
587            587               (0.511751,0)
156            156               (0.436516,0)
156            588               (0.240296,0.138738)
588            588               (0.511751,0)
157            157               (0.555432,0)
157            589               (-0.0613358,-0.0354128)
589            589               (0.548033,0)
158            158               (0.436517,0)
158            590               (0.240297,0.138737)
590            590               (0.511751,0)
159            159               (0.436517,0)
159            591               (0.240298,0.138735)
591            591               (0.51175,0)
160            160               (0.555432,0)
160            592               (-0.0613362,-0.0354122)
592            592               (0.548034,0)
161            161               (0.436517,0)
161            593               (0.240298,0.138734)
593            593               (0.511751,0)
162            162               (0.436517,0)
162            594               (0.240299,0.138733)
594            594               (0.51175,0)
163            163               (0.555432,0)
163            595               (-0.0613364,-0.0354119)
595            595               (0.548034,0)
164            164               (0.436517,0)
164            596               (0.240299,0.138734)
596            596               (0.51175,0)
165            165               (0.436517,0)
165            597               (0.240299,0.138733)
597            597               (0.51175,0)
166            166               (0.555432,0)
166            598               (-0.0613364,-0.0354118)
598            598               (0.548034,0)
167            167               (0.436517,0)
167            599               (0.240299,0.138733)
599            599               (0.51175,0)
168            168               (0.436518,0)
168            600               (0.240299,0.138733)
600            600               (0.51175,0)
169            169               (0.555431,0)
169            601               (-0.0613364,-0.0354119)
601            601               (0.548034,0)
170            170               (0.436518,0)
170            602               (0.240299,0.138733)
602            602               (0.51175,0)
171            171               (0.436518,0)
171            603               (0.240298,0.138734)
603            603               (0.511749,0)
172            172               (0.555431,0)
172            604               (-0.0613362,-0.0354123)
604            604               (0.548034,0)
173            173               (0.436517,0)
173            605               (0.240298,0.138735)
605            605               (0.51175,0)
174            174               (0.436518,0)
174            606               (0.240297,0.138737)
606            606               (0.51175,0)
175            175               (0.555432,0)
175            607               (-0.0613357,-0.035413)
607            607               (0.548034,0)
176            176               (0.436517,0)
176            608               (0.240295,0.138739)
608            608               (0.511751,0)
177            177               (0.436517,0)
177            609               (0.240295,0.13874)
609            609               (0.51175,0)
178            178               (0.555432,0)
178            610               (-0.0613354,-0.0354136)
610            610               (0.548033,0)
179            179               (0.436516,0)
179            611               (0.240294,0.138741)
611            611               (0.511752,0)
180            180               (0.436515,0)
180            612               (0.240294,0.138741)
612            612               (0.511752,0)
181            181               (0.555432,0)
181            613               (-0.0613352,-0.0354138)
613            613               (0.548033,0)
182            182               (0.436515,0)
182            614               (0.240294,0.138742)
614            614               (0.511752,0)
183            183               (0.436515,0)
183            615               (0.240294,0.138742)
615            615               (0.511752,0)
184            184               (0.555432,0)
184            616               (-0.0613351,-0.035414)
616            616               (0.548033,0)
185            185               (0.436516,0)
185            617               (0.240293,0.138743)
617            617               (0.511751,0)
186            186               (0.436516,0)
186            618               (0.240294,0.138742)
618            618               (0.511752,0)
187            187               (0.555432,0)
187            619               (-0.0613352,-0.0354139)
619            619               (0.548033,0)
188            188               (0.436517,0)
188            620               (0.240294,0.138741)
620            620               (0.51175,0)
189            189               (0.436517,0)
189            621               (0.240295,0.138741)
621            621               (0.511751,0)
190            190               (0.555432,0)
190            622               (-0.0613355,-0.0354135)
622            622               (0.548034,0)
191            191               (0.436517,0)
191            623               (0.240295,0.138739)
623            623               (0.51175,0)
192            192               (0.436517,0)
192            624               (0.240296,0.138738)
624            624               (0.511751,0)
193            193               (0.555432,0)
193            625               (-0.0613358,-0.0354129)
625            625               (0.548033,0)
194            194               (0.436516,0)
194            626               (0.240297,0.138737)
626            626               (0.511751,0)
195            195               (0.436517,0)
195            627               (0.240297,0.138736)
627            627               (0.511751,0)
196            196               (0.555432,0)
196            628               (-0.0613361,-0.0354123)
628            628               (0.548033,0)
197            197               (0.436516,0)
197            629               (0.240298,0.138735)
629            629               (0.511752,0)
198            198               (0.436516,0)
198            630               (0.240298,0.138734)
630            630               (0.511751,0)
199            199               (0.555432,0)
199            631               (-0.0613363,-0.0354119)
631            631               (0.548033,0)
200            200               (0.436516,0)
200            632               (0.240299,0.138733)
632            632               (0.511751,0)
201            201               (0.436517,0)
201            633               (0.240299,0.138733)
633            633               (0.51175,0)
202            202               (0.555432,0)
202            634               (-0.0613365,-0.0354117)
634            634               (0.548033,0)
203            203               (0.436517,0)
203            635               (0.2403,0.138732)
635            635               (0.511751,0)
204            204               (0.436517,0)
204            636               (0.240299,0.138732)
636            636               (0.51175,0)
205            205               (0.555432,0)
205            637               (-0.0613365,-0.0354117)
637            637               (0.548034,0)
206            206               (0.436517,0)
206            638               (0.240299,0.138733)
638            638               (0.51175,0)
207            207               (0.436518,0)
207            639               (0.240299,0.138734)
639            639               (0.51175,0)
208            208               (0.555432,0)
208            640               (-0.0613362,-0.0354122)
640            640               (0.548034,0)
209            209               (0.436517,0)
209            641               (0.240297,0.138736)
641            641               (0.51175,0)
210            210               (0.436517,0)
210            642               (0.240297,0.138737)
642            642               (0.51175,0)
211            211               (0.555432,0)
211            643               (-0.0613357,-0.035413)
643            643               (0.548033,0)
212            212               (0.436516,0)
212            644               (0.240296,0.138739)
644            644               (0.511752,0)
213            213               (0.436516,0)
213            645               (0.240295,0.13874)
645            645               (0.511751,0)
214            214               (0.555432,0)
214            646               (-0.0613354,-0.0354135)
646            646               (0.548033,0)
215            215               (0.436515,0)
215            647               (0.240294,0.13874)
647            647               (0.511752,0)
216            216               (0.436515,0)
216            648               (0.240294,0.138741)
648            648               (0.511752,0)
217            217               (0.555432,0)
217            649               (-0.0613351,-0.0354141)
649            649               (0.548033,0)
218            218               (0.436517,0)
218            650               (0.240293,0.138744)
650            650               (0.511751,0)
219            219               (0.436516,0)
219            651               (0.240293,0.138743)
651            651               (0.511751,0)
220            220               (0.555432,0)
220            652               (-0.061335,-0.0354143)
652            652               (0.548033,0)
221            221               (0.436517,0)
221            653               (0.240293,0.138743)
653            653               (0.51175,0)
222            222               (0.436517,0)
222            654               (0.240294,0.138743)
654            654               (0.51175,0)
223            223               (0.555432,0)
223            655               (-0.0613352,-0.035414)
655            655               (0.548034,0)
224            224               (0.436518,0)
224            656               (0.240294,0.138742)
656            656               (0.51175,0)
225            225               (0.436517,0)
225            657               (0.240295,0.138741)
657            657               (0.51175,0)
226            226               (0.555432,0)
226            658               (-0.0613354,-0.0354135)
658            658               (0.548034,0)
227            227               (0.436516,0)
227            659               (0.240295,0.13874)
659            659               (0.511751,0)
228            228               (0.436516,0)
228            660               (0.240296,0.138739)
660            660               (0.511751,0)
229            229               (0.555432,0)
229            661               (-0.0613357,-0.0354129)
661            661               (0.548033,0)
230            230               (0.436515,0)
230            662               (0.240297,0.138737)
662            662               (0.511752,0)
231            231               (0.436516,0)
231            663               (0.240297,0.138736)
663            663               (0.511752,0)
232            232               (0.555432,0)
232            664               (-0.0613361,-0.0354123)
664            664               (0.548033,0)
233            233               (0.436515,0)
233            665               (0.240298,0.138734)
665            665               (0.511752,0)
234            234               (0.436516,0)
234            666               (0.240298,0.138734)
666            666               (0.511752,0)
235            235               (0.555432,0)
235            667               (-0.0613364,-0.0354118)
667            667               (0.548033,0)
236            236               (0.436516,0)
236            668               (0.240299,0.138732)
668            668               (0.511752,0)
237            237               (0.436516,0)
237            669               (0.240299,0.138732)
669            669               (0.511751,0)
238            238               (0.555432,0)
238            670               (-0.0613365,-0.0354116)
670            670               (0.548033,0)
239            239               (0.436517,0)
239            671               (0.2403,0.138732)
671            671               (0.511751,0)
240            240               (0.436517,0)
240            672               (0.240299,0.138732)
672            672               (0.51175,0)
241            241               (0.555432,0)
241            673               (-0.0613365,-0.0354117)
673            673               (0.548034,0)
242            242               (0.436517,0)
242            674               (0.240299,0.138733)
674            674               (0.51175,0)
243            243               (0.436517,0)
243            675               (0.240298,0.138734)
675            675               (0.51175,0)
244            244               (0.555432,0)
244            676               (-0.0613361,-0.0354123)
676            676               (0.548033,0)
245            245               (0.436517,0)
245            677               (0.240297,0.138736)
677            677               (0.511751,0)
246            246               (0.436516,0)
246            678               (0.240297,0.138737)
678            678               (0.511751,0)
247            247               (0.555432,0)
247            679               (-0.0613358,-0.0354129)
679            679               (0.548033,0)
248            248               (0.436516,0)
248            680               (0.240296,0.138739)
680            680               (0.511751,0)
249            249               (0.436515,0)
249            681               (0.240295,0.138739)
681            681               (0.511752,0)
250            250               (0.555432,0)
250            682               (-0.0613354,-0.0354135)
682            682               (0.548033,0)
251            251               (0.436516,0)
251            683               (0.240294,0.138742)
683            683               (0.511752,0)
252            252               (0.436516,0)
252            684               (0.240293,0.138744)
684            684               (0.511751,0)
253            253               (0.555432,0)
253            685               (-0.0613349,-0.0354145)
685            685               (0.548033,0)
254            254               (0.436517,0)
254            686               (0.240293,0.138744)
686            686               (0.51175,0)
255            255               (0.436517,0)
255            687               (0.240293,0.138744)
687            687               (0.51175,0)
256            256               (0.555432,0)
256            688               (-0.061335,-0.0354143)
688            688               (0.548034,0)
257            257               (0.436518,0)
257            689               (0.240293,0.138743)
689            689               (0.51175,0)
258            258               (0.436518,0)
258            690               (0.240294,0.138743)
690            690               (0.51175,0)
259            259               (0.555432,0)
259            691               (-0.0613352,-0.035414)
691            691               (0.548034,0)
260            260               (0.436517,0)
260            692               (0.240294,0.138741)
692            692               (0.51175,0)
261            261               (0.436517,0)
261            693               (0.240295,0.138741)
693            693               (0.51175,0)
262            262               (0.555432,0)
262            694               (-0.0613355,-0.0354134)
694            694               (0.548033,0)
263            263               (0.436516,0)
263            695               (0.240296,0.138739)
695            695               (0.511751,0)
264            264               (0.436516,0)
264            696               (0.240296,0.138738)
696            696               (0.511752,0)
265            265               (0.555432,0)
265            697               (-0.0613358,-0.0354128)
697            697               (0.548033,0)
266            266               (0.436515,0)
266            698               (0.240297,0.138736)
698            698               (0.511752,0)
267            267               (0.436515,0)
267            699               (0.240297,0.138735)
699            699               (0.511752,0)
268            268               (0.555432,0)
268            700               (-0.0613361,-0.0354122)
700            700               (0.548033,0)
269            269               (0.436515,0)
269            701               (0.240298,0.138734)
701            701               (0.511752,0)
270            270               (0.436515,0)
270            702               (0.240299,0.138733)
702            702               (0.511752,0)
271            271               (0.555432,0)
271            703               (-0.0613364,-0.0354117)
703            703               (0.548033,0)
272            272               (0.436516,0)
272            704               (0.240299,0.138732)
704            704               (0.511751,0)
273            273               (0.436516,0)
273            705               (0.240299,0.138732)
705            705               (0.511751,0)
274            274               (0.555432,0)
274            706               (-0.0613365,-0.0354116)
706            706               (0.548033,0)
275            275               (0.436517,0)
275            707               (0.2403,0.138732)
707            707               (0.51175,0)
276            276               (0.436517,0)
276            708               (0.240299,0.138732)
708            708               (0.51175,0)
277            277               (0.555432,0)
277            709               (-0.0613364,-0.0354119)
709            709               (0.548034,0)
278            278               (0.436518,0)
278            710               (0.240299,0.138734)
710            710               (0.51175,0)
279            279               (0.436517,0)
279            711               (0.240298,0.138734)
711            711               (0.51175,0)
280            280               (0.555432,0)
280            712               (-0.0613361,-0.0354124)
712            712               (0.548034,0)
281            281               (0.436517,0)
281            713               (0.240297,0.138737)
713            713               (0.51175,0)
282            282               (0.436516,0)
282            714               (0.240297,0.138737)
714            714               (0.511751,0)
283            283               (0.555432,0)
283            715               (-0.0613356,-0.0354132)
715            715               (0.548033,0)
284            284               (0.436516,0)
284            716               (0.240294,0.138741)
716            716               (0.511751,0)
285            285               (0.436516,0)
285            717               (0.240294,0.138741)
717            717               (0.511752,0)
286            286               (0.555432,0)
286            718               (-0.0613351,-0.035414)
718            718               (0.548033,0)
287            287               (0.436517,0)
287            719               (0.240293,0.138744)
719            719               (0.511751,0)
288            288               (0.436517,0)
288            720               (0.240292,0.138744)
720            720               (0.51175,0)
289            289               (0.555432,0)
289            721               (-0.061335,-0.0354144)
721            721               (0.548034,0)
290            290               (0.436517,0)
290            722               (0.240293,0.138743)
722            722               (0.51175,0)
291            291               (0.436518,0)
291            723               (0.240293,0.138744)
723            723               (0.51175,0)
292            292               (0.555432,0)
292            724               (-0.0613351,-0.0354142)
724            724               (0.548034,0)
293            293               (0.436517,0)
293            725               (0.240294,0.138742)
725            725               (0.51175,0)
294            294               (0.436518,0)
294            726               (0.240294,0.138742)
726            726               (0.51175,0)
295            295               (0.555432,0)
295            727               (-0.0613353,-0.0354138)
727            727               (0.548034,0)
296            296               (0.436517,0)
296            728               (0.240295,0.138741)
728            728               (0.511751,0)
297            297               (0.436517,0)
297            729               (0.240295,0.13874)
729            729               (0.511751,0)
298            298               (0.555432,0)
298            730               (-0.0613355,-0.0354133)
730            730               (0.548033,0)
299            299               (0.436516,0)
299            731               (0.240296,0.138739)
731            731               (0.511751,0)
300            300               (0.436516,0)
300            732               (0.240296,0.138738)
732            732               (0.511752,0)
301            301               (0.555432,0)
301            733               (-0.0613358,-0.0354127)
733            733               (0.548033,0)
302            302               (0.436516,0)
302            734               (0.240297,0.138736)
734            734               (0.511752,0)
303            303               (0.436515,0)
303            735               (0.240298,0.138735)
735            735               (0.511752,0)
304            304               (0.555432,0)
304            736               (-0.0613362,-0.0354122)
736            736               (0.548033,0)
305            305               (0.436516,0)
305            737               (0.240298,0.138734)
737            737               (0.511752,0)
306            306               (0.436516,0)
306            738               (0.240299,0.138733)
738            738               (0.511752,0)
307            307               (0.555432,0)
307            739               (-0.0613364,-0.0354118)
739            739               (0.548033,0)
308            308               (0.436517,0)
308            740               (0.240299,0.138733)
740            740               (0.511751,0)
309            309               (0.436517,0)
309            741               (0.240299,0.138732)
741            741               (0.511751,0)
310            310               (0.555432,0)
310            742               (-0.0613364,-0.0354118)
742            742               (0.548034,0)
311            311               (0.436518,0)
311            743               (0.240299,0.138734)
743            743               (0.51175,0)
312            312               (0.436518,0)
312            744               (0.240299,0.138733)
744            744               (0.51175,0)
313            313               (0.555432,0)
313            745               (-0.0613362,-0.0354122)
745            745               (0.548034,0)
314            314               (0.436518,0)
314            746               (0.240297,0.138736)
746            746               (0.51175,0)
315            315               (0.436517,0)
315            747               (0.240298,0.138736)
747            747               (0.51175,0)
316            316               (0.555432,0)
316            748               (-0.0613358,-0.0354128)
748            748               (0.548034,0)
317            317               (0.436517,0)
317            749               (0.240296,0.138739)
749            749               (0.51175,0)
318            318               (0.436517,0)
318            750               (0.240295,0.138739)
750            750               (0.511751,0)
319            319               (0.555432,0)
319            751               (-0.0613354,-0.0354136)
751            751               (0.548033,0)
320            320               (0.436517,0)
320            752               (0.240294,0.138742)
752            752               (0.51175,0)
321            321               (0.436517,0)
321            753               (0.240293,0.138743)
753            753               (0.511751,0)
322            322               (0.555432,0)
322            754               (-0.061335,-0.0354142)
754            754               (0.548034,0)
323            323               (0.436517,0)
323            755               (0.240293,0.138743)
755            755               (0.51175,0)
324            324               (0.436517,0)
324            756               (0.240293,0.138743)
756            756               (0.51175,0)
325            325               (0.555432,0)
325            757               (-0.0613351,-0.0354141)
757            757               (0.548033,0)
326            326               (0.436516,0)
326            758               (0.240293,0.138743)
758            758               (0.511752,0)
327            327               (0.436517,0)
327            759               (0.240293,0.138743)
759            759               (0.511751,0)
328            328               (0.555432,0)
328            760               (-0.0613351,-0.035414)
760            760               (0.548033,0)
329            329               (0.436516,0)
329            761               (0.240293,0.138742)
761            761               (0.511751,0)
330            330               (0.436517,0)
330            762               (0.240294,0.138741)
762            762               (0.511751,0)
331            331               (0.555432,0)
331            763               (-0.0613353,-0.0354138)
763            763               (0.548033,0)
332            332               (0.436517,0)
332            764               (0.240294,0.138741)
764            764               (0.511751,0)
333            333               (0.436516,0)
333            765               (0.240295,0.13874)
765            765               (0.511751,0)
334            334               (0.555432,0)
334            766               (-0.0613355,-0.0354133)
766            766               (0.548033,0)
335            335               (0.436517,0)
335            767               (0.240295,0.138739)
767            767               (0.511751,0)
336            336               (0.436516,0)
336            768               (0.240296,0.138738)
768            768               (0.511751,0)
337            337               (0.555432,0)
337            769               (-0.0613358,-0.0354129)
769            769               (0.548033,0)
338            338               (0.436516,0)
338            770               (0.240296,0.138737)
770            770               (0.511751,0)
339            339               (0.436516,0)
339            771               (0.240297,0.138736)
771            771               (0.511752,0)
340            340               (0.555432,0)
340            772               (-0.061336,-0.0354124)
772            772               (0.548033,0)
341            341               (0.436516,0)
341            773               (0.240297,0.138736)
773            773               (0.511751,0)
342            342               (0.436516,0)
342            774               (0.240298,0.138734)
774            774               (0.511751,0)
343            343               (0.555432,0)
343            775               (-0.0613362,-0.0354122)
775            775               (0.548033,0)
344            344               (0.436517,0)
344            776               (0.240298,0.138735)
776            776               (0.511751,0)
345            345               (0.436517,0)
345            777               (0.240299,0.138734)
777            777               (0.51175,0)
346            346               (0.555432,0)
346            778               (-0.0613362,-0.0354122)
778            778               (0.548034,0)
347            347               (0.436517,0)
347            779               (0.240298,0.138736)
779            779               (0.51175,0)
348            348               (0.436517,0)
348            780               (0.240298,0.138735)
780            780               (0.51175,0)
349            349               (0.555432,0)
349            781               (-0.061336,-0.0354125)
781            781               (0.548034,0)
350            350               (0.436517,0)
350            782               (0.240297,0.138737)
782            782               (0.511751,0)
351            351               (0.436517,0)
351            783               (0.240296,0.138738)
783            783               (0.51175,0)
352            352               (0.555432,0)
352            784               (-0.0613357,-0.035413)
784            784               (0.548034,0)
353            353               (0.436517,0)
353            785               (0.240296,0.138739)
785            785               (0.511751,0)
354            354               (0.436517,0)
354            786               (0.240295,0.13874)
786            786               (0.511751,0)
355            355               (0.555432,0)
355            787               (-0.0613354,-0.0354136)
787            787               (0.548034,0)
356            356               (0.436517,0)
356            788               (0.240295,0.138741)
788            788               (0.51175,0)
357            357               (0.436517,0)
357            789               (0.240294,0.138743)
789            789               (0.51175,0)
358            358               (0.555432,0)
358            790               (-0.0613352,-0.035414)
790            790               (0.548034,0)
359            359               (0.436517,0)
359            791               (0.240294,0.138742)
791            791               (0.511751,0)
360            360               (0.436516,0)
360            792               (0.240293,0.138742)
792            792               (0.511752,0)
361            361               (0.555432,0)
361            793               (-0.061335,-0.0354142)
793            793               (0.548033,0)
362            362               (0.436515,0)
362            794               (0.240292,0.138744)
794            794               (0.511753,0)
363            363               (0.436515,0)
363            795               (0.240293,0.138743)
795            795               (0.511752,0)
364            364               (0.555432,0)
364            796               (-0.061335,-0.0354142)
796            796               (0.548033,0)
365            365               (0.436516,0)
365            797               (0.240293,0.138743)
797            797               (0.511751,0)
366            366               (0.436516,0)
366            798               (0.240293,0.138742)
798            798               (0.511751,0)
367            367               (0.555432,0)
367            799               (-0.0613351,-0.0354139)
799            799               (0.548034,0)
368            368               (0.436517,0)
368            800               (0.240294,0.138742)
800            800               (0.51175,0)
369            369               (0.436517,0)
369            801               (0.240295,0.138741)
801            801               (0.511751,0)
370            370               (0.555432,0)
370            802               (-0.0613353,-0.0354136)
802            802               (0.548034,0)
371            371               (0.436517,0)
371            803               (0.240294,0.138741)
803            803               (0.51175,0)
372            372               (0.436516,0)
372            804               (0.240295,0.138739)
804            804               (0.511751,0)
373            373               (0.555432,0)
373            805               (-0.0613355,-0.0354133)
805            805               (0.548033,0)
374            374               (0.436516,0)
374            806               (0.240295,0.13874)
806            806               (0.511751,0)
375            375               (0.436516,0)
375            807               (0.240296,0.138737)
807            807               (0.511752,0)
376            376               (0.555432,0)
376            808               (-0.0613358,-0.0354129)
808            808               (0.548033,0)
377            377               (0.436516,0)
377            809               (0.240296,0.138738)
809            809               (0.511752,0)
378            378               (0.436516,0)
378            810               (0.240297,0.138736)
810            810               (0.511751,0)
379            379               (0.555432,0)
379            811               (-0.061336,-0.0354125)
811            811               (0.548033,0)
380            380               (0.436516,0)
380            812               (0.240297,0.138736)
812            812               (0.511751,0)
381            381               (0.436517,0)
381            813               (0.240298,0.138735)
813            813               (0.511751,0)
382            382               (0.555432,0)
382            814               (-0.0613361,-0.0354123)
814            814               (0.548033,0)
383            383               (0.436516,0)
383            815               (0.240298,0.138734)
815            815               (0.511751,0)
384            384               (0.436517,0)
384            816               (0.240298,0.138736)
816            816               (0.51175,0)
385            385               (0.555432,0)
385            817               (-0.0613361,-0.0354124)
817            817               (0.548033,0)
386            386               (0.436516,0)
386            818               (0.240298,0.138735)
818            818               (0.511751,0)
387            387               (0.436517,0)
387            819               (0.240297,0.138737)
819            819               (0.511751,0)
388            388               (0.555432,0)
388            820               (-0.0613359,-0.0354127)
820            820               (0.548033,0)
389            389               (0.436516,0)
389            821               (0.240297,0.138737)
821            821               (0.511751,0)
390            390               (0.436517,0)
390            822               (0.240296,0.138739)
822            822               (0.51175,0)
391            391               (0.555432,0)
391            823               (-0.0613355,-0.0354133)
823            823               (0.548033,0)
392            392               (0.436516,0)
392            824               (0.240295,0.13874)
824            824               (0.511751,0)
393            393               (0.436517,0)
393            825               (0.240294,0.138741)
825            825               (0.511751,0)
394            394               (0.555432,0)
394            826               (-0.0613352,-0.0354138)
826            826               (0.548033,0)
395            395               (0.436515,0)
395            827               (0.240293,0.138742)
827            827               (0.511753,0)
396            396               (0.436514,0)
396            828               (0.240293,0.138743)
828            828               (0.511753,0)
397            397               (0.555432,0)
397            829               (-0.0613349,-0.0354142)
829            829               (0.548033,0)
398            398               (0.436516,0)
398            830               (0.240293,0.138743)
830            830               (0.511752,0)
399            399               (0.436515,0)
399            831               (0.240293,0.138743)
831            831               (0.511752,0)
400            400               (0.555432,0)
400            832               (-0.061335,-0.0354143)
832            832               (0.548033,0)
401            401               (0.436518,0)
401            833               (0.240293,0.138744)
833            833               (0.51175,0)
402            402               (0.436517,0)
402            834               (0.240293,0.138743)
834            834               (0.51175,0)
403            403               (0.555431,0)
403            835               (-0.061335,-0.0354142)
835            835               (0.548034,0)
404            404               (0.436518,0)
404            836               (0.240293,0.138744)
836            836               (0.511749,0)
405            405               (0.436517,0)
405            837               (0.240294,0.138742)
837            837               (0.51175,0)
406            406               (0.555432,0)
406            838               (-0.0613351,-0.035414)
838            838               (0.548034,0)
407            407               (0.436517,0)
407            839               (0.240293,0.138743)
839            839               (0.511751,0)
408            408               (0.436516,0)
408            840               (0.240294,0.138741)
840            840               (0.511751,0)
409            409               (0.555432,0)
409            841               (-0.0613353,-0.0354136)
841            841               (0.548033,0)
410            410               (0.436516,0)
410            842               (0.240295,0.13874)
842            842               (0.511752,0)
411            411               (0.436516,0)
411            843               (0.240295,0.138739)
843            843               (0.511752,0)
412            412               (0.555432,0)
412            844               (-0.0613357,-0.035413)
844            844               (0.548033,0)
413            413               (0.436516,0)
413            845               (0.240297,0.138737)
845            845               (0.511751,0)
414            414               (0.436516,0)
414            846               (0.240297,0.138737)
846            846               (0.511751,0)
415            415               (0.555432,0)
415            847               (-0.0613361,-0.0354123)
847            847               (0.548033,0)
416            416               (0.436516,0)
416            848               (0.240298,0.138734)
848            848               (0.511752,0)
417            417               (0.436516,0)
417            849               (0.240298,0.138734)
849            849               (0.511751,0)
418            418               (0.555432,0)
418            850               (-0.0613363,-0.0354119)
850            850               (0.548033,0)
419            419               (0.436515,0)
419            851               (0.240299,0.138733)
851            851               (0.511752,0)
420            420               (0.436516,0)
420            852               (0.240298,0.138734)
852            852               (0.511751,0)
421            421               (0.555432,0)
421            853               (-0.0613362,-0.0354121)
853            853               (0.548033,0)
422            422               (0.436515,0)
422            854               (0.240298,0.138735)
854            854               (0.511752,0)
423            423               (0.436516,0)
423            855               (0.240297,0.138736)
855            855               (0.511752,0)
424            424               (0.555432,0)
424            856               (-0.0613359,-0.0354126)
856            856               (0.548033,0)
425            425               (0.436515,0)
425            857               (0.240296,0.138737)
857            857               (0.511752,0)
426            426               (0.436516,0)
426            858               (0.240296,0.138738)
858            858               (0.511752,0)
427            427               (0.555432,0)
427            859               (-0.0613355,-0.0354132)
859            859               (0.548033,0)
428            428               (0.436515,0)
428            860               (0.240295,0.13874)
860            860               (0.511753,0)
429            429               (0.436515,0)
429            861               (0.240294,0.138741)
861            861               (0.511752,0)
430            430               (0.555432,0)
430            862               (-0.0613351,-0.0354139)
862            862               (0.548033,0)
431            431               (0.436514,0)
431            863               (0.240293,0.138742)
863            863               (0.511753,0)
